 0
 3
 3
 3
 3
 3
 3
 3
 3
 3
 3
 2
 2
 3
 3
 3
 3
 3
 3
 3
 1
 1
 1
 8
 8
 8
 8
 8
 8
 8
 8
 8
 8
 8
 8
 8
 8
 8
 8
 8
 8
 8
 8
 1
 8
 8
 8
 1
 8
 8
 8
 8
 8
 8
 8
 8
 8
 8
 8
 8
 8
 1
 1
 8
 3
 1
 8
 3
 7
 4
 2
 1
 8
 3
 7
 4
 2
 1
 3
 1
 8
 3
 1
 1
 8
 3
 7
 4
 2
 1
 3
 1
 8
 3
 7
 4
 2
 1
 3
 4
 1
 8
 3
 7
 4
 2
 1
 3
 4
 1
 3
 1
 1
 8
 3
 7
 4
 2
 1
 3
 4
 1
 3
 1
 1
 8
 3
 7
 4
 2
 1
 3
 4
 1
 3
 1
 1
 8
 8
 8
 1
 3
 7
 4
 2
 1
 3
 4
 1
 3
 1
 1
 1
 1
 1
 3
 8
 1
 3
 7
 4
 2
 4
 1
 3
 1
 1
 3
 2
 1
 3
 7
 1
 3
 1
 3
 1
 3
 1
 3
 1
 3
 2
 1
 3
 7
 4
 2
 4
 1
 3
 1
 1
 3
 2
 1
 3
 7
 4
 2
 4
 1
 3
 1
 1
 3
 2
 1
 3
 7
 4
 2
 4
 1
 3
 1
 3
 3
 3
 3
